1.555577266440844042e+00 4.887977045809289468e-03
1.112771475528873122e+00 3.693699309006657661e+00
2.806217337841926618e+00 5.179208407988051377e+00
2.267115011537496283e+00 2.420785623001194597e+00
1.290190375361323305e+00 2.998620947497178335e+00
2.990814848353473554e+00 2.527367099992485322e+00
3.267259287161050074e-01 6.805917279907658379e-01
2.001275044058206998e+00 5.784240706902661344e+00
1.378802126587695076e+00 5.752608852771444070e+00
9.600824515331645159e-01 3.048985008473178215e+00
4.425146848182102133e-01 2.869823572081830143e+00
2.855783588899341030e+00 4.529274909199513033e+00
2.881786686670999131e+00 2.845280726664744630e+00
1.700684167371512956e+00 5.291315901042120018e+00
2.879823431022330738e+00 4.991751458586954016e+00
8.108909274789614929e-02 5.204994874098039404e+00
2.033380127382100611e+00 6.138655412930964062e+00
2.174109606614799350e+00 7.863753041644025998e-01
1.338518556927183800e+00 3.509069021917731401e+00
1.954992200602343688e+00 2.117436525909156764e+00
9.394920300520793743e-01 5.679531349009959484e+00
2.970786764773993838e+00 3.490518165359908775e-01
1.557441096683103821e+00 5.273866066314869983e+00
1.097149636753097068e+00 1.591050224549836134e+00
4.512637374109085275e-01 6.178032553931236848e+00
1.590839849086223279e-01 4.968233687243601149e-01
2.439498863621662128e+00 2.399596823438840065e+00
1.880020190843581185e+00 2.161591768035130201e+00
1.919023221145167879e+00 1.297366748529258818e+00
1.807648359760711365e+00 5.943259620024391232e+00
2.412681210841982615e+00 3.272786997796001796e+00
2.497172748745438153e-01 1.949900394090804623e+00
1.421175475270857413e+00 2.076684053662002927e-01
1.066524958216571006e+00 5.590259961114990794e+00
1.491998211490702442e+00 6.256893805676086551e+00
3.220049244101496622e-01 6.263841759158931488e+00
1.374854584570667893e+00 2.403011154997102938e+00
2.460167293017108570e+00 2.040940337170052743e+00
1.761443153304510734e+00 5.471019626314402196e+00
1.430363080953058197e-01 3.908074525013627287e+00
