4.478315885384887471e-17
1.224959228238897641e-15
7.395058476772556831e-17
2.714596337131939434e-15
2.243332079498462579e-16
1.792243651600074276e-16
7.321162071193805740e-17
1.485721224394814793e-16
9.247891830577316953e-16
7.695945441279541049e-15
2.839255517747985851e-15
6.441478091217811959e-16
2.160604667732332520e-17
3.709431618585615501e-15
1.447385888826579807e-17
2.717814776763725162e-15
8.391881457158286296e-17
1.034468572437723288e-17
5.895726594484767213e-17
1.062262235703456231e-17
2.446782011727724328e-17
7.349646910827604613e-16
3.157939525101445941e-17
3.491121136775161478e-15
1.684038301821497735e-15
1.428370755593941893e-16
3.321911586265177349e-17
8.237432476628815417e-17
1.863140287528730004e-15
5.193969750329165613e-17
7.115072800607018315e-17
2.119020150958440450e-16
2.632012765402346318e-16
2.029417887921695986e-15
2.921576712525917765e-17
1.140849452144823009e-16
2.999428788693532972e-16
6.464596521856517880e-15
7.082142120523006107e-17
1.825504974653513923e-16
