2.644940948626904209e+00
2.943825060551279016e+00
3.851506400037735922e+00
2.691536956830685945e+00
5.211926238225478514e+00
3.387169257255426835e+00
2.941568653249676313e+00
2.259077347219152099e+00
4.489765375190643226e+00
5.546252674592127008e+00
2.134645012166060063e+00
5.216593664345724690e+00
3.476468901669463651e+00
4.760217953035553506e+00
4.222880812994688426e+00
5.316690350067910131e+00
4.198722433710145197e+00
5.802702812836795232e+00
2.937899897503132518e+00
3.535543620740330351e+00
5.218487636334476321e+00
2.784720422140747775e+00
2.991037135706780870e+00
3.679165687280717911e+00
3.940893206071496735e+00
3.773451668656289559e+00
4.091025850573466016e+00
5.523454471239867658e+00
3.168232639704394948e+00
2.800364911860689698e+00
5.198194220931418918e+00
5.152891590454288462e+00
5.998164872443190632e+00
2.414364850580926980e+00
5.046622019491236344e+00
3.798951419346226821e+00
3.151535887792260127e+00
5.139616709583371801e+00
4.418482418448228088e+00
4.928219140034224566e+00
